image: GTVT_2_fixed_1.pgm
resolution: 0.050000
origin: [-33.250000, -18.750000, 0]
negate: 0
occupied_thresh: 0.65
free_thresh: 0.196

