image: PCC_BVND_ver_6_unknown.pgm
resolution: 0.050000
origin: [-13.800000, -15.400000, 0.000000]
negate: 0
occupied_thresh: 0.65
free_thresh: 0.196

